CLS NUM POINTS
10 0.6673662119622246
20 0.7974816369359916
30 0.8782791185729276
40 0.9034627492130115
50 0.912906610703043
100 0.9391395592864638
500 0.9580272822665268
1000 0.9601259181532005
5000 0.9622245540398741
10000 0.9632738719832109

SEG NUM POINTS
10 0.7038897893030794
20 0.719448946515397
30 0.7270664505672609
40 0.7512155591572123
50 0.746904376012966
60 0.7626418152350081
80 0.7811993517017828
100 0.7915235008103728
200 0.8334846029173419
300 0.8482171799027552
400 0.8647366288492707
500 0.8707941653160454
1000 0.890902755267423
5000 0.9007666126418152
10000 0.9012319286871961

CLS ROTATE
0 0.9632738719832109
20 0.9034627492130115
40 0.7082896117523609
60 0.5487932843651626
80 0.4428121720881427
100 0.2906610703043022
120 0.236096537250787
140 0.20671563483735572
160 0.29485834207764955
180 0.6044071353620147

SEG ROTATE
0 0.9012319286871961
20 0.765788654781199
40 0.617757698541329
60 0.5315735818476499
80 0.41130729335494326
100 0.3127599675850891
120 0.24945235008103728
140 0.2974902755267423
160 0.372940680713128
180 0.37149886547811994



