0.0000 0.9465
1.0000 0.9870
2.0000 0.9118
3.0000 0.8120
4.0000 0.6990
5.0000 0.9603
6.0000 0.9854
7.0000 0.9459
8.0000 0.9901
9.0000 0.6999
10.0000 0.7684
11.0000 0.8725
12.0000 0.7930
13.0000 0.8969
14.0000 0.9219
15.0000 0.9184
16.0000 0.8933
17.0000 0.9833
18.0000 0.9257
19.0000 0.9559
20.0000 0.9902
21.0000 0.9773
22.0000 0.8837
23.0000 0.9473
24.0000 0.8228
25.0000 0.9343
26.0000 0.5108
27.0000 0.9779
28.0000 0.9811
29.0000 0.8427
30.0000 0.9633
31.0000 0.9076
32.0000 0.7619
33.0000 0.9110
34.0000 0.9411
35.0000 0.8911
36.0000 0.9018
37.0000 0.9448
38.0000 0.9663
39.0000 0.9850
40.0000 0.9428
41.0000 0.8349
42.0000 0.9902
43.0000 0.8380
44.0000 0.9878
45.0000 0.8928
46.0000 0.9811
47.0000 0.9372
48.0000 0.9863
49.0000 0.7327
50.0000 0.9286
51.0000 0.8220
52.0000 0.9239
53.0000 0.9350
54.0000 0.8292
55.0000 0.9174
56.0000 0.9693
57.0000 0.9871
58.0000 0.7359
59.0000 0.9188
60.0000 0.8888
61.0000 0.5943
62.0000 0.9747
63.0000 0.9840
64.0000 0.8890
65.0000 0.9524
66.0000 0.9526
67.0000 0.9481
68.0000 0.5770
69.0000 0.9215
70.0000 0.9846
71.0000 0.9115
72.0000 0.9244
73.0000 0.9371
74.0000 0.9204
75.0000 0.8960
76.0000 0.9337
77.0000 0.9370
78.0000 0.8629
79.0000 0.8901
80.0000 0.8890
81.0000 0.9294
82.0000 0.8902
83.0000 0.9776
84.0000 0.9570
85.0000 0.8186
86.0000 0.9783
87.0000 0.9756
88.0000 0.8581
89.0000 0.9284
90.0000 0.6562
91.0000 0.9725
92.0000 0.9663
93.0000 0.8347
94.0000 0.9478
95.0000 0.7418
96.0000 0.4753
97.0000 0.6459
98.0000 0.9571
99.0000 0.9464
100.0000 0.9450
101.0000 0.9744
102.0000 0.9845
103.0000 0.8941
104.0000 0.8044
105.0000 0.7773
106.0000 0.9263
107.0000 0.9590
108.0000 0.9295
109.0000 0.8636
110.0000 0.9129
111.0000 0.9912
112.0000 0.8706
113.0000 0.9914
114.0000 0.7843
115.0000 0.9578
116.0000 0.6760
117.0000 0.9635
118.0000 0.9621
119.0000 0.8679
120.0000 0.9486
121.0000 0.9052
122.0000 0.9695
123.0000 0.9159
124.0000 0.7541
125.0000 0.9317
126.0000 0.9781
127.0000 0.9496
128.0000 0.9230
129.0000 0.9669
130.0000 0.9490
131.0000 0.9614
132.0000 0.7472
133.0000 0.9658
134.0000 0.7213
135.0000 0.8423
136.0000 0.8809
137.0000 0.9753
138.0000 0.9731
139.0000 0.8796
140.0000 0.7898
141.0000 0.9756
142.0000 0.6608
143.0000 0.8504
144.0000 0.8869
145.0000 0.9614
146.0000 0.9036
147.0000 0.9466
148.0000 0.9816
149.0000 0.8141
150.0000 0.9717
151.0000 0.9322
152.0000 0.9120
153.0000 0.7803
154.0000 0.9508
155.0000 0.8865
156.0000 0.7823
157.0000 0.6975
158.0000 0.9437
159.0000 0.9870
160.0000 0.9179
161.0000 0.9481
162.0000 0.9911
163.0000 0.6471
164.0000 0.8452
165.0000 0.8585
166.0000 0.9738
167.0000 0.9649
168.0000 0.7231
169.0000 0.9449
170.0000 0.9481
171.0000 0.8495
172.0000 0.9845
173.0000 0.9337
174.0000 0.7575
175.0000 0.8956
176.0000 0.9721
177.0000 0.9138
178.0000 0.7118
179.0000 0.9794
180.0000 0.7349
181.0000 0.9292
182.0000 0.9560
183.0000 0.9643
184.0000 0.9822
185.0000 0.9783
186.0000 0.9398
187.0000 0.9281
188.0000 0.9724
189.0000 0.9802
190.0000 0.8923
191.0000 0.9595
192.0000 0.9256
193.0000 0.8482
194.0000 0.9649
195.0000 0.9890
196.0000 0.8608
197.0000 0.9502
198.0000 0.9228
199.0000 0.9497
200.0000 0.8193
201.0000 0.9771
202.0000 0.9191
203.0000 0.9431
204.0000 0.9746
205.0000 0.9285
206.0000 0.8976
207.0000 0.9532
208.0000 0.9468
209.0000 0.9602
210.0000 0.9709
211.0000 0.8665
212.0000 0.7491
213.0000 0.9108
214.0000 0.6529
215.0000 0.9864
216.0000 0.9715
217.0000 0.8234
218.0000 0.8311
219.0000 0.9628
220.0000 0.9755
221.0000 0.8689
222.0000 0.9742
223.0000 0.8937
224.0000 0.9611
225.0000 0.5689
226.0000 0.7215
227.0000 0.8808
228.0000 0.8985
229.0000 0.9401
230.0000 0.9737
231.0000 0.9186
232.0000 0.6718
233.0000 0.8879
234.0000 0.7415
235.0000 0.5242
236.0000 0.9859
237.0000 0.7692
238.0000 0.6874
239.0000 0.9800
240.0000 0.9061
241.0000 0.9760
242.0000 0.8986
243.0000 0.9751
244.0000 0.9591
245.0000 0.9367
246.0000 0.9695
247.0000 0.9120
248.0000 0.9192
249.0000 0.9570
250.0000 0.9773
251.0000 0.9406
252.0000 0.9073
253.0000 0.9907
254.0000 0.8744
255.0000 0.5058
256.0000 0.8500
257.0000 0.9326
258.0000 0.9800
259.0000 0.7229
260.0000 0.7385
261.0000 0.9394
262.0000 0.9809
263.0000 0.9693
264.0000 0.9832
265.0000 0.9784
266.0000 0.9560
267.0000 0.9818
268.0000 0.6762
269.0000 0.8804
270.0000 0.9720
271.0000 0.9440
272.0000 0.6977
273.0000 0.9289
274.0000 0.8491
275.0000 0.9840
276.0000 0.9102
277.0000 0.9931
278.0000 0.9468
279.0000 0.7671
280.0000 0.9737
281.0000 0.9903
282.0000 0.9463
283.0000 0.8355
284.0000 0.9659
285.0000 0.9499
286.0000 0.9882
287.0000 0.9734
288.0000 0.9542
289.0000 0.9258
290.0000 0.9718
291.0000 0.9137
292.0000 0.7893
293.0000 0.9604
294.0000 0.9692
295.0000 0.8549
296.0000 0.9869
297.0000 0.9923
298.0000 0.9793
299.0000 0.7260
300.0000 0.9837
301.0000 0.9615
302.0000 0.9837
303.0000 0.9341
304.0000 0.9223
305.0000 0.8671
306.0000 0.9053
307.0000 0.9787
308.0000 0.9263
309.0000 0.9565
310.0000 0.9156
311.0000 0.7749
312.0000 0.8618
313.0000 0.9782
314.0000 0.9888
315.0000 0.9396
316.0000 0.9653
317.0000 0.9156
318.0000 0.9712
319.0000 0.9609
320.0000 0.9534
321.0000 0.8883
322.0000 0.7169
323.0000 0.8499
324.0000 0.9788
325.0000 0.9774
326.0000 0.8678
327.0000 0.6662
328.0000 0.7551
329.0000 0.9835
330.0000 0.8255
331.0000 0.7475
332.0000 0.9076
333.0000 0.9853
334.0000 0.9421
335.0000 0.8248
336.0000 0.9003
337.0000 0.9314
338.0000 0.9661
339.0000 0.8741
340.0000 0.9887
341.0000 0.9729
342.0000 0.9340
343.0000 0.8391
344.0000 0.8609
345.0000 0.9707
346.0000 0.9242
347.0000 0.9641
348.0000 0.8122
349.0000 0.9475
350.0000 0.9460
351.0000 0.4085
352.0000 0.9325
353.0000 0.9578
354.0000 0.8996
355.0000 0.8898
356.0000 0.9426
357.0000 0.9250
358.0000 0.7890
359.0000 0.9772
360.0000 0.9636
361.0000 0.8537
362.0000 0.9390
363.0000 0.9512
364.0000 0.8896
365.0000 0.8364
366.0000 0.8685
367.0000 0.9651
368.0000 0.9592
369.0000 0.9216
370.0000 0.9290
371.0000 0.8021
372.0000 0.8681
373.0000 0.9760
374.0000 0.8915
375.0000 0.9606
376.0000 0.9418
377.0000 0.8894
378.0000 0.7537
379.0000 0.9669
380.0000 0.9260
381.0000 0.9699
382.0000 0.9773
383.0000 0.7923
384.0000 0.8697
385.0000 0.9516
386.0000 0.6621
387.0000 0.6859
388.0000 0.9402
389.0000 0.8939
390.0000 0.9388
391.0000 0.8190
392.0000 0.8277
393.0000 0.9655
394.0000 0.9301
395.0000 0.9082
396.0000 0.9661
397.0000 0.9881
398.0000 0.7810
399.0000 0.8776
400.0000 0.8740
401.0000 0.9809
402.0000 0.8050
403.0000 0.9205
404.0000 0.9841
405.0000 0.8384
406.0000 0.7199
407.0000 0.9721
408.0000 0.9163
409.0000 0.9657
410.0000 0.9636
411.0000 0.9311
412.0000 0.9739
413.0000 0.9957
414.0000 0.8896
415.0000 0.8926
416.0000 0.7674
417.0000 0.7007
418.0000 0.9680
419.0000 0.8305
420.0000 0.8223
421.0000 0.9276
422.0000 0.9726
423.0000 0.9770
424.0000 0.9901
425.0000 0.9554
426.0000 0.9537
427.0000 0.7439
428.0000 0.9781
429.0000 0.9258
430.0000 0.9802
431.0000 0.9672
432.0000 0.7033
433.0000 0.9836
434.0000 0.9937
435.0000 0.8308
436.0000 0.9306
437.0000 0.9697
438.0000 0.9827
439.0000 0.9592
440.0000 0.9746
441.0000 0.9393
442.0000 0.9411
443.0000 0.9489
444.0000 0.9720
445.0000 0.7720
446.0000 0.9801
447.0000 0.9817
448.0000 0.7941
449.0000 0.9645
450.0000 0.9255
451.0000 0.8931
452.0000 0.8891
453.0000 0.9748
454.0000 0.8065
455.0000 0.9635
456.0000 0.9586
457.0000 0.9238
458.0000 0.7776
459.0000 0.9800
460.0000 0.9647
461.0000 0.9847
462.0000 0.9816
463.0000 0.9381
464.0000 0.9669
465.0000 0.9847
466.0000 0.9182
467.0000 0.8317
468.0000 0.7687
469.0000 0.9398
470.0000 0.8941
471.0000 0.9905
472.0000 0.9852
473.0000 0.8883
474.0000 0.9629
475.0000 0.9272
476.0000 0.7964
477.0000 0.9295
478.0000 0.9887
479.0000 0.8622
480.0000 0.9090
481.0000 0.9500
482.0000 0.8662
483.0000 0.9291
484.0000 0.8480
485.0000 0.9608
486.0000 0.9509
487.0000 0.9453
488.0000 0.9840
489.0000 0.7322
490.0000 0.9414
491.0000 0.9114
492.0000 0.9637
493.0000 0.9031
494.0000 0.8291
495.0000 0.7891
496.0000 0.7416
497.0000 0.9304
498.0000 0.9309
499.0000 0.9800
500.0000 0.7755
501.0000 0.9281
502.0000 0.7701
503.0000 0.9163
504.0000 0.8276
505.0000 0.9955
506.0000 0.7933
507.0000 0.9150
508.0000 0.9888
509.0000 0.9578
510.0000 0.8260
511.0000 0.9891
512.0000 0.9457
513.0000 0.8865
514.0000 0.8850
515.0000 0.9156
516.0000 0.9353
517.0000 0.8748
518.0000 0.8357
519.0000 0.8538
520.0000 0.8593
521.0000 0.9183
522.0000 0.8163
523.0000 0.8632
524.0000 0.9591
525.0000 0.9893
526.0000 0.9594
527.0000 0.9790
528.0000 0.9573
529.0000 0.9647
530.0000 0.7074
531.0000 0.9313
532.0000 0.9546
533.0000 0.9739
534.0000 0.9080
535.0000 0.9702
536.0000 0.8014
537.0000 0.9616
538.0000 0.9046
539.0000 0.8898
540.0000 0.8892
541.0000 0.9125
542.0000 0.9541
543.0000 0.6254
544.0000 0.9867
545.0000 0.9623
546.0000 0.8280
547.0000 0.9566
548.0000 0.8516
549.0000 0.8417
550.0000 0.9707
551.0000 0.9428
552.0000 0.9863
553.0000 0.9599
554.0000 0.9431
555.0000 0.8030
556.0000 0.9770
557.0000 0.9498
558.0000 0.9189
559.0000 0.9792
560.0000 0.9842
561.0000 0.9560
562.0000 0.9929
563.0000 0.9424
564.0000 0.9199
565.0000 0.9830
566.0000 0.9700
567.0000 0.7937
568.0000 0.9822
569.0000 0.9894
570.0000 0.9694
571.0000 0.9207
572.0000 0.6950
573.0000 0.8042
574.0000 0.9279
575.0000 0.9333
576.0000 0.6184
577.0000 0.5834
578.0000 0.8780
579.0000 0.9474
580.0000 0.9023
581.0000 0.8969
582.0000 0.9467
583.0000 0.8555
584.0000 0.9524
585.0000 0.9813
586.0000 0.9864
587.0000 0.7962
588.0000 0.9752
589.0000 0.9284
590.0000 0.7503
591.0000 0.9912
592.0000 0.9904
593.0000 0.9366
594.0000 0.9654
595.0000 0.6573
596.0000 0.7795
597.0000 0.9572
598.0000 0.9923
599.0000 0.9821
600.0000 0.9935
601.0000 0.9718
602.0000 0.9360
603.0000 0.8889
604.0000 0.9691
605.0000 0.6239
606.0000 0.9689
607.0000 0.9246
608.0000 0.9863
609.0000 0.7282
610.0000 0.8379
611.0000 0.8922
612.0000 0.9535
613.0000 0.9682
614.0000 0.8949
615.0000 0.8928
616.0000 0.9916
